
#version 3.6;

#declare ldd_level_of_detail = 2;

#declare ldd_light_color = <255/255,255/255,255/255>;

#declare ldd_color_variance = 2.00;

#include "ldd_default_colors.inc"

#include "ldd_default_materials.inc"

#include "ldd_part_materials.inc"

#include "ldd_part_bevels.inc"

#include "ldd_part_position_variances.inc"

#include "ldd_main.bin"

#declare ldd_camera_transformation = transform { matrix <0.4291510283946991,0,0.90323257446289063,0.25220787525177002,0.96022474765777588,-0.11983100324869156,-0.8673064112663269,0.27922806143760681,0.41208148002624512,-129.55598449707031,49.66937255859375,56.866119384765625>}
#declare ldd_camera_location = ldd_vtransform(<0, 0, 0>, ldd_camera_transformation);
#declare ldd_camera_distance = 153.52816772460937;
#declare ldd_camera_look_at = ldd_vtransform(<0, 0, -ldd_camera_distance>, ldd_camera_transformation);

#declare ldd_camera_angle = ldd_default_camera_angle;

#declare ldd_model_transformation = transform { translate <0,0,0> }

#include "ldd_6091.bin"
#include "ldd_3068.bin"
#include "ldd_3021.bin"
#include "ldd_44728.bin"
#include "ldd_6143.bin"
#include "ldd_4032.bin"
#include "ldd_4150.bin"
#include "ldd_2412.bin"
#include "ldd_87087.bin"
#include "ldd_3004.bin"
#include "ldd_3023.bin"
#include "ldd_4460.bin"
#include "ldd_3070.bin"
#include "ldd_41770.bin"
#include "ldd_47753.bin"
#include "ldd_41769.bin"
#include "ldd_32002.bin"
#include "ldd_48729.bin"
#include "ldd_6141.bin"
#include "ldd_61409.bin"
#include "ldd_2540.bin"
#include "ldd_3003.bin"
#include "ldd_30499.bin"
#include "ldd_3794.bin"
#include "ldd_48169.bin"
#include "ldd_2877.bin"
#include "ldd_3062.bin"
#include "ldd_30414.bin"
#include "ldd_3069.bin"
#include "ldd_3660.bin"
#include "ldd_32028.bin"
#include "ldd_3022.bin"
#include "ldd_50746.bin"
#include "ldd_60478.bin"
#include "ldd_3008.bin"
#include "ldd_11211.bin"
#include "ldd_30145.bin"
#include "ldd_3020.bin"
#include "ldd_95188.bin"
#include "ldd_3024.bin"
#include "ldd_2420.bin"
#include "ldd_3002.bin"
#include "ldd_3680.bin"
#include "ldd_3679.bin"
#include "ldd_98138.bin"
#include "ldd_87620.bin"
#include "ldd_2432.bin"
#include "ldd_12825.bin"
#include "ldd_48336.bin"
#include "ldd_47455.bin"
#include "ldd_48170.bin"
#include "ldd_2654.bin"
#include "ldd_44567.bin"
#include "ldd_60471.bin"
#include "ldd_3937.bin"
#include "ldd_3938.bin"
#include "ldd_3678.bin"
#include "ldd_4085.bin"
#include "ldd_85984.bin"
#include "ldd_30374.bin"
#include "ldd_45590.bin"
#include "ldd_41677.bin"
#include "ldd_4274.bin"
#include "ldd_3040.bin"
#include "ldd_3005.bin"
#include "ldd_4287.bin"
#include "ldd_50950.bin"
#include "ldd_99780.bin"
#include "ldd_61678.bin"
#include "ldd_3710.bin"
#include "ldd_3701.bin"
#include "ldd_3839.bin"
#include "ldd_2397.bin"
#include "ldd_2431.bin"
#include "ldd_4070.bin"
#include "ldd_6589.bin"
#include "ldd_32073.bin"
#include "ldd_4716.bin"
#include "ldd_32123.bin"
#include "ldd_3700.bin"
#include "ldd_32064.bin"
#include "ldd_3737.bin"
#include "ldd_6590.bin"
#include "ldd_32270.bin"
#include "ldd_47905.bin"
#include "ldd_2449.bin"
#include "ldd_90258.bin"
#include "ldd_88393.bin"
#include "ldd_64567.bin"
#include "ldd_3010.bin"
#include "ldd_86208.bin"
#include "ldd_3659.bin"
#include "ldd_3045.bin"
#include "ldd_2555.bin"
#include "ldd_41748.bin"
#include "ldd_41747.bin"
#include "ldd_3039.bin"
#include "ldd_3666.bin"
#include "ldd_58846.bin"
#include "ldd_61252.bin"
#include "ldd_3622.bin"
#include "ldd_3001.bin"
#include "ldd_60849.bin"
#include "ldd_75535.bin"
#include "ldd_4286.bin"
#include "ldd_87079.bin"
#include "ldd_41762.bin"
#include "ldd_43722.bin"
#include "ldd_63965.bin"
#include "ldd_45677.bin"
#include "ldd_93274.bin"
#include "ldd_2584.bin"
#include "ldd_3665.bin"
#include "ldd_3031.bin"
#include "ldd_3623.bin"
#include "ldd_43723.bin"
#include "ldd_63868.bin"


global_settings {
  assumed_gamma 1.4
  max_trace_level 50
  adc_bailout 0.01/2     
  radiosity {
    pretrace_start 0.08
    pretrace_end   0.005
    count 450
    nearest_count 4
    error_bound 0.05
    recursion_limit 1
    low_error_factor 0.3
    gray_threshold 0.0
    minimum_reuse 0.005
    //maximum_reuse 0.2
    brightness 1
    adc_bailout 0.005
    normal on
    media off
  }
}

background { color rgbft <255/255, 255/255, 255/255, 1, 1> }

light_source {
  <100,100,0>
  color 40/100*ldd_light_color
  area_light 5, 5, 10, 10
  adaptive 1
  jitter
  circular
  orient
  transform { ldd_camera_transformation }
}

light_source {
  <-100,100,0>
  color 40/100*ldd_light_color
  area_light 5, 5, 10, 10
  adaptive 1
  jitter
  circular
  orient
  transform { ldd_camera_transformation }
}

light_source {
  <0,100,0>
  color 40/100*ldd_light_color
  area_light 5, 5, 10, 10
  adaptive 1
  jitter
  circular
  orient
  transform { ldd_camera_transformation }
}

camera {
  right  -(image_width/image_height)*x
  location ldd_camera_location
  look_at ldd_camera_look_at
  angle ldd_camera_angle

}

#declare ldd_model = union {
ldd_6091(array[1]{199},array[1]{0},array[1][12]{{0.99999994039535522,0,-0.00026082998374477029,0,-1,0,-0.00026082998374477029,0,-0.99999994039535522,3.0429856777191162,3.4399969577789307,-0.39933919906616211}})
ldd_3068(array[2]{199,0},array[1]{0},array[1][12]{{0.99999994039535522,0,-0.00026082998374477029,0,-1,0,-0.00026082998374477029,0,-0.99999994039535522,3.0427756309509277,3.1199960708618164,-1.1993343830108643}})
ldd_6091(array[1]{199},array[1]{0},array[1][12]{{0.99999994039535522,0,-0.00026082998374477029,0,-1,0,-0.00026082998374477029,0,-0.99999994039535522,3.8429837226867676,3.4399960041046143,-0.39954593777656555}})
ldd_3021(array[1]{199},array[1]{0},array[1][12]{{-0.99999994039535522,0,0.00026082998374477029,0,-1,0,0.00026082998374477029,0,0.99999994039535522,4.6429848670959473,3.7599966526031494,-0.39974886178970337}})
ldd_3021(array[1]{199},array[1]{0},array[1][12]{{-0.99999988079071045,0,0.00026082992553710938,0,-1,0,0.00026082992553710938,0,0.99999988079071045,4.6429848670959473,4.0799970626831055,-0.39974898099899292}})
ldd_44728(array[1]{199},array[1]{0},array[1][12]{{0.00026082992553710938,0,0.99999988079071045,0,-1,0,0.99999988079071045,0,-0.00026082992553710938,3.842775821685791,4.3999972343444824,-1.1995431184768677}})
ldd_6143(array[1]{1},array[1]{0},array[1][12]{{0,-1,0,0.99999988079071045,0,-0.00026082992553710938,0.00026082992553710938,0,0.99999988079071045,4.402987003326416,5.2799973487854004,-0.39669197797775269}})
ldd_6143(array[1]{1},array[1]{0},array[1][12]{{0,-1,0,0.99999988079071045,0,-0.00026082992553710938,0.00026082992553710938,0,0.99999988079071045,5.3629889488220215,5.2799973487854004,-0.39694234728813171}})
ldd_4032(array[1]{28},array[1]{0},array[1][12]{{0,-1,0,0.99999988079071045,0,-0.00026082992553710938,0.00026082992553710938,0,0.99999988079071045,6.3229866027832031,5.2799978256225586,-0.39719274640083313}})
ldd_4032(array[1]{1},array[1]{0},array[1][12]{{0,-1,0,0.99999988079071045,0,-0.00026082992553710938,0.00026082992553710938,0,0.99999988079071045,6.6429862976074219,5.2799978256225586,-0.39727622270584106}})
ldd_4150(array[2]{1,0},array[1]{0},array[1][12]{{0.00026082992553710938,0,0.99999988079071045,0.99999988079071045,0,-0.00026082992553710938,0,1,0,6.9627776145935059,5.2799978256225586,-1.1973586082458496}})
ldd_6091(array[1]{199},array[1]{0},array[1][12]{{0.99999994039535522,0,-0.00026082998374477029,0,-1,0,-0.00026082998374477029,0,-0.99999994039535522,4.6429858207702637,3.4399969577789307,-0.39975458383560181}})
ldd_2412(array[1]{199},array[1]{0},array[1][12]{{0.00026080376119352877,0,0.99999994039535522,0,-1,0,0.99999994039535522,0,-0.00026080376119352877,4.6427755355834961,3.119997501373291,-1.1997498273849487}})
ldd_6091(array[1]{199},array[1]{0},array[1][12]{{-0.99999994039535522,0,0.00026082998374477029,0,-1,0,0.00026082998374477029,0,0.99999994039535522,4.6427755355834961,3.4399971961975098,-1.1997498273849487}})
ldd_6091(array[1]{199},array[1]{0},array[1][12]{{-0.99999994039535522,0,0.00026082998374477029,0,-1,0,0.00026082998374477029,0,0.99999994039535522,3.0427756309509277,3.4399971961975098,-1.1993345022201538}})
ldd_6091(array[1]{199},array[1]{0},array[1][12]{{-0.99999994039535522,0,0.00026082998374477029,0,-1,0,0.00026082998374477029,0,0.99999994039535522,3.8427765369415283,3.4399957656860352,-1.1995412111282349}})
ldd_87087(array[1]{199},array[1]{0},array[1][12]{{0.00026087366859428585,0,0.99999994039535522,0,-1,0,0.99999994039535522,0,-0.00026087366859428585,3.8425679206848145,5.0399956703186035,-1.9995412826538086}})
ldd_3004(array[4]{138,0,0,0},array[3]{0,0,0},array[1][12]{{0,-1,0,0.99999994039535522,0,-0.00026087366859428585,0.00026087366859428585,0,0.99999994039535522,5.2025675773620605,5.2799949645996094,-1.9998958110809326}})
ldd_3023(array[1]{1},array[1]{0},array[1][12]{{0,-1,0,0.99999988079071045,0,-0.00026087366859428585,0.00026087363949045539,0,0.99999988079071045,6.162567138671875,5.2799954414367676,-2.0001461505889893}})
ldd_4460(array[1]{138},array[1]{0},array[1][12]{{-0.00026087363949045539,0,-0.99999988079071045,0.99999988079071045,0,-0.00026087366859428585,0,-1,0,6.4825658798217773,5.2799954414367676,-2.0002315044403076}})
ldd_3070(array[2]{192,0},array[1]{0},array[1][12]{{0,-1,0,0.99999988079071045,0,-0.00026087363949045539,0.00026087361038662493,0,0.99999988079071045,9.3625640869140625,5.2799949645996094,-2.0009825229644775}})
ldd_3004(array[4]{199,0,0,0},array[3]{0,0,0},array[1][12]{{0,-1,0,0.99999988079071045,0,-0.00026087363949045539,0.00026087363949045539,0,0.99999988079071045,4.2425680160522461,5.2799954414367676,-1.9996455907821655}})
ldd_87087(array[1]{199},array[1]{0},array[1][12]{{0.00026084188721142709,0,0.99999994039535522,0,-1,0,0.99999994039535522,0,-0.00026084188721142709,3.8431923389434814,5.0399961471557617,0.4004540741443634}})
ldd_3070(array[2]{192,0},array[1]{0},array[1][12]{{0,-1,0,0.99999994039535522,0,-0.00026084185810759664,0.00026084185810759664,0,0.99999994039535522,9.3631887435913086,5.279996395111084,0.39901262521743774}})
ldd_4460(array[1]{138},array[1]{0},array[1][12]{{-0.00026084182900376618,0,-0.99999988079071045,0.99999988079071045,0,-0.00026084182900376618,0,-1,0,6.4831914901733398,5.279996395111084,0.39976555109024048}})
ldd_3023(array[1]{1},array[1]{0},array[1][12]{{0,-1,0,0.99999988079071045,0,-0.00026084182900376618,0.00026084182900376618,0,0.99999988079071045,6.1631908416748047,5.279996395111084,0.39984899759292603}})
ldd_3004(array[4]{138,0,0,0},array[3]{0,0,0},array[1][12]{{0,-1,0,0.99999988079071045,0,-0.00026084182900376618,0.00026084182900376618,0,0.99999988079071045,5.2031922340393066,5.279996395111084,0.40009936690330505}})
ldd_3004(array[4]{199,0,0,0},array[3]{0,0,0},array[1][12]{{0,-1,0,0.99999988079071045,0,-0.00026084182900376618,0.00026084182900376618,0,0.99999988079071045,4.2431926727294922,5.2799959182739258,0.40034964680671692}})
ldd_87087(array[1]{199},array[1]{0},array[1][12]{{-0.99999994039535522,0,0.00026091741165146232,0,-1,0,0.00026091741165146232,0,0.99999994039535522,3.0431942939758301,5.0399971008300781,0.40066099166870117}})
ldd_41770(array[1]{138},array[1]{0},array[1][12]{{-0.99999994039535522,0,0.0002609173534438014,0.0002609173534438014,0,0.99999994039535522,0,1,0,5.44329833984375,5.2799968719482422,0.80003499984741211}})
ldd_47753(array[1]{138},array[1]{0},array[1][12]{{0.99999988079071045,0,-0.00026091732433997095,0.00026091732433997095,0,0.99999988079071045,0,-1,0,3.0433826446533203,3.679997444152832,1.1206610202789307}})
ldd_41769(array[1]{138},array[1]{0},array[1][12]{{-0.99999988079071045,0,0.0002609173534438014,0.0002609173534438014,0,0.99999988079071045,0,1,0,5.44329833984375,4.4799971580505371,0.80003482103347778}})
ldd_32002(array[1]{199},array[1]{0},array[1][12]{{0,1,0,0.10529586672782898,0,-0.99444091320037842,-0.99444091320037842,0,-0.10529586672782898,-1.4391037225723267,4.8900003433227539,2.631521463394165}})
ldd_48729(array[1]{199},array[1]{0},array[1][12]{{0.10529586672782898,0,-0.99444091320037842,0.99444091320037842,0,0.10529586672782898,0,-1,0,-1.0413258075714111,4.8900003433227539,2.6736400127410889}})
ldd_6141(array[1]{199},array[1]{0},array[1][12]{{0,1,0,-1,0,0,0,0,1,0.080002985894680023,4.4800004959106445,2.0000059604644775}})
ldd_61409(array[1]{199},array[1]{0},array[1][12]{{0,0,1,-1,0,0,0,-1,0,-0.23999685049057007,5.2800002098083496,2.0000100135803223}})
ldd_6141(array[1]{199},array[1]{0},array[1][12]{{0,1,0,-1,0,0,0,0,1,0.080003224313259125,5.2800002098083496,2.0000061988830566}})
ldd_2540(array[1]{199},array[1]{0},array[1][12]{{0,1,0,-1,0,0,0,0,1,0.40000307559967041,4.4800009727478027,1.9999948740005493}})
ldd_3021(array[1]{199},array[1]{0},array[1][12]{{0,0,1,-1,0,0,0,-1,0,0.71999937295913696,4.4800009727478027,0.39999830722808838}})
ldd_4032(array[1]{199},array[1]{0},array[1][12]{{0,1,0,-1,0,0,0,0,1,1.0400021076202393,4.4800004959106445,2.8000059127807617}})
ldd_6143(array[1]{199},array[1]{0},array[1][12]{{0,1,0,-1,0,0,0,0,1,2.0000007152557373,4.4800000190734863,2.8000020980834961}})
ldd_4032(array[1]{1},array[1]{0},array[1][12]{{0,1,0,-1,0,0,0,0,1,2.3200013637542725,4.4800000190734863,2.8000020980834961}})
ldd_4032(array[1]{199},array[1]{0},array[1][12]{{0,1,0,-1,0,0,0,0,1,2.6399998664855957,4.4800004959106445,2.8000016212463379}})
ldd_3003(array[3]{199,0,0},array[2]{0,0},array[1][12]{{0,1,0,-1,0,0,0,0,1,0.40000283718109131,4.4800009727478027,1.1999955177307129}})
ldd_30499(array[1]{138},array[1]{0},array[1][12]{{0,1,0,-1,0,0,0,0,1,-0.55999624729156494,4.4800009727478027,0.40000593662261963}})
ldd_3068(array[2]{138,0},array[1]{0},array[1][12]{{0,0,1,-1,0,0,0,-1,0,-3.4399960041046143,4.4800014495849609,-0.39999914169311523}})
ldd_3004(array[4]{138,0,0,0},array[3]{0,0,0},array[1][12]{{0,1,0,-1,0,0,0,0,1,-2.4799959659576416,4.4800014495849609,-0.40000486373901367}})
ldd_3023(array[1]{138},array[1]{0},array[1][12]{{0,1,0,-1,0,0,0,0,1,-2.1599972248077393,4.4800019264221191,-0.39999723434448242}})
ldd_3003(array[3]{199,0,0},array[2]{0,0},array[1][12]{{0,1,0,-1,0,0,0,0,1,1.6799991130828857,4.4800009727478027,1.2000069618225098}})
ldd_3003(array[3]{199,0,0},array[2]{0,0},array[1][12]{{0,1,0,-1,0,0,0,0,1,2.6399974822998047,4.4800009727478027,1.2000031471252441}})
ldd_32002(array[1]{199},array[1]{0},array[1][12]{{0,1,0,0.11850214004516602,0,-0.99295377731323242,-0.99295377731323242,0,-0.11850214004516602,-1.4367263317108154,5.4899997711181641,2.6103982925415039}})
ldd_48729(array[1]{199},array[1]{0},array[1][12]{{0.11850214004516602,0,-0.99295377731323242,0.99295377731323242,0,0.11850214004516602,0,-1,0,-1.0395432710647583,5.4899997711181641,2.6577990055084229}})
ldd_32002(array[1]{199},array[1]{0},array[1][12]{{0,1,0,0.19688381254673004,0,-0.9804268479347229,-0.9804268479347229,0,-0.19688381254673004,-1.4166829586029053,4.2699995040893555,2.4849839210510254}})
ldd_48729(array[1]{199},array[1]{0},array[1][12]{{0.19688381254673004,0,-0.9804268479347229,0.9804268479347229,0,0.19688381254673004,0,-1,0,-1.0245105028152466,4.2699999809265137,2.563737154006958}})
ldd_3023(array[1]{138},array[1]{0},array[1][12]{{0,-1,0,-1,0,0,0,0,-1,-2.1599972248077393,5.2800016403198242,-12.399999618530273}})
ldd_3004(array[4]{138,0,0,0},array[3]{0,0,0},array[1][12]{{0,-1,0,-1,0,0,0,0,-1,-2.4799959659576416,5.2800016403198242,-12.399999618530273}})
ldd_3068(array[2]{138,0},array[1]{0},array[1][12]{{0,0,-1,-1,0,0,0,1,0,-3.4399960041046143,5.2800016403198242,-12.399999618530273}})
ldd_30499(array[1]{138},array[1]{0},array[1][12]{{0,-1,0,-1,0,0,0,0,-1,-0.55999612808227539,5.2800021171569824,-13.200002670288086}})
ldd_3003(array[3]{199,0,0},array[2]{0,0},array[1][12]{{0,-1,0,-1,0,0,0,0,-1,0.40000367164611816,5.2800021171569824,-13.999994277954102}})
ldd_3021(array[1]{199},array[1]{0},array[1][12]{{0,0,-1,-1,0,0,0,1,0,0.72000241279602051,5.2800025939941406,-13.199995040893555}})
ldd_3003(array[3]{199,0,0},array[2]{0,0},array[1][12]{{0,-1,0,-1,0,0,0,0,-1,1.6800022125244141,5.2800025939941406,-14.000005722045898}})
ldd_3003(array[3]{199,0,0},array[2]{0,0},array[1][12]{{0,-1,0,-1,0,0,0,0,-1,2.6400001049041748,5.2800025939941406,-14.000001907348633}})
ldd_6141(array[1]{199},array[1]{0},array[1][12]{{0,-1,0,-1,0,0,0,0,-1,0.080003738403320313,4.4800024032592773,-14.800004959106445}})
ldd_61409(array[1]{199},array[1]{0},array[1][12]{{0,0,1,-1,0,0,0,-1,0,-0.23999476432800293,5.2800025939941406,-14.799997329711914}})
ldd_6141(array[1]{199},array[1]{0},array[1][12]{{0,-1,0,-1,0,0,0,0,-1,0.080003499984741211,5.2800025939941406,-14.800004959106445}})
ldd_2540(array[1]{199},array[1]{0},array[1][12]{{0,-1,0,-1,0,0,0,0,-1,0.40000367164611816,5.2800021171569824,-14.799997329711914}})
ldd_4032(array[1]{199},array[1]{0},array[1][12]{{0,-1,0,-1,0,0,0,0,-1,1.0400035381317139,5.2800025939941406,-15.600004196166992}})
ldd_4032(array[1]{199},array[1]{0},array[1][12]{{0,-1,0,-1,0,0,0,0,-1,2.6400010585784912,5.2800025939941406,-15.600000381469727}})
ldd_4032(array[1]{1},array[1]{0},array[1][12]{{0,-1,0,-1,0,0,0,0,-1,2.3200023174285889,5.2800025939941406,-15.600002288818359}})
ldd_6143(array[1]{199},array[1]{0},array[1][12]{{0,-1,0,-1,0,0,0,0,-1,2.0000026226043701,5.2800025939941406,-15.600002288818359}})
ldd_48729(array[1]{199},array[1]{0},array[1][12]{{0,0,1,1,0,0,0,1,0,-1.0479977130889893,4.2700028419494629,-15.59999942779541}})
ldd_48729(array[1]{199},array[1]{0},array[1][12]{{0,0,1,1,0,0,0,1,0,-1.0479964017868042,4.870002269744873,-15.599995613098145}})
ldd_32002(array[1]{199},array[1]{0},array[1][12]{{0,-1,0,0,0,1,-1,0,0,-1.4479992389678955,4.2700028419494629,-15.59999942779541}})
ldd_48729(array[1]{199},array[1]{0},array[1][12]{{0.036124523729085922,0,0.9993472695350647,0.9993472695350647,0,-0.036124523729085922,0,1,0,-1.0472142696380615,5.4900031089782715,-15.556647300720215}})
ldd_32002(array[1]{199},array[1]{0},array[1][12]{{0,-1,0,0,0,1,-1,0,0,-1.4479981660842896,4.870002269744873,-15.599995613098145}})
ldd_32002(array[1]{199},array[1]{0},array[1][12]{{0,-1,0,0.036124523729085922,0,0.9993472695350647,-0.9993472695350647,0,0.036124523729085922,-1.4469550848007202,5.4900031089782715,-15.542197227478027}})
ldd_3794(array[1]{199},array[1]{0},array[1][12]{{-1,0,0,0,1,0,0,0,-1,4.4199948310852051,0.88000047206878662,-3.9999959468841553}})
ldd_2540(array[1]{199},array[1]{0},array[1][12]{{0,-1,0,1,0,0,0,0,1,1.8399965763092041,2.4000005722045898,-3.5999946594238281}})
ldd_3023(array[1]{199},array[1]{0},array[1][12]{{0,-1,0,1,0,0,0,0,1,2.1599967479705811,2.4000005722045898,-3.5999946594238281}})
ldd_48169(array[1]{199},array[1]{0},array[1][12]{{0,0,-1,1,0,0,0,-1,0,3.4399957656860352,1.5999995470046997,-3.599994421005249}})
ldd_2877(array[1]{199},array[1]{0},array[1][12]{{0,0,1,1,0,0,0,1,0,2.4799909591674805,1.6000003814697266,-4.3999972343444824}})
ldd_3021(array[1]{199},array[1]{0},array[1][12]{{0,0,-1,1,0,0,0,-1,0,4.3999896049499512,1.5999994277954102,-3.599994421005249}})
ldd_3062(array[2]{199,0},array[1]{0},array[1][12]{{0,1,0,1,0,0,0,0,-1,3.4399938583374023,1.6000007390975952,-5.1999983787536621}})
ldd_30414(array[1]{199},array[1]{0},array[1][12]{{0,0,-1,1,0,0,0,-1,0,2.4799971580505371,1.6000001430511475,-5.1999983787536621}})
ldd_3021(array[1]{199},array[1]{0},array[1][12]{{1,0,0,0,-1,0,0,0,-1,1.439995288848877,1.2000017166137695,-6.799994945526123}})
ldd_3069(array[2]{199,0},array[1]{0},array[1][12]{{1,0,0,0,-1,0,0,0,-1,1.4397745132446289,0.88000088930130005,-5.9999938011169434}})
ldd_3069(array[2]{199,0},array[1]{0},array[1][12]{{0,0,-1,0,-1,0,-1,0,0,3.0399975776672363,0.88000106811523438,-5.9997706413269043}})
ldd_3004(array[4]{199,0,0,0},array[3]{0,0,0},array[1][12]{{0,0,1,0,-1,0,1,0,0,1.4399975538253784,2.1600015163421631,-6.7999968528747559}})
ldd_3069(array[2]{199,0},array[1]{0},array[1][12]{{1,0,0,0,-1,0,0,0,-1,1.4397740364074707,0.8800014853477478,-6.7999930381774902}})
ldd_3660(array[1]{199},array[1]{0},array[1][12]{{0,0,-1,1,0,0,0,-1,0,3.4399971961975098,1.6000008583068848,-5.999997615814209}})
ldd_32028(array[1]{138},array[1]{0},array[1][12]{{0,0,-1,1,0,0,0,-1,0,4.3999977111816406,0.80000144243240356,-5.999997615814209}})
ldd_3004(array[4]{138,0,0,0},array[3]{0,0,0},array[1][12]{{0,0,-1,1,0,0,0,-1,0,4.7199954986572266,0.80000162124633789,-5.999997615814209}})
ldd_3023(array[1]{1},array[1]{0},array[1][12]{{0,0,1,1,0,0,0,1,0,5.6799936294555664,0.80000203847885132,-6.8000006675720215}})
ldd_3023(array[1]{199},array[1]{0},array[1][12]{{0,0,1,1,0,0,0,1,0,5.9999923706054687,0.80000203847885132,-6.8000006675720215}})
ldd_2412(array[1]{199},array[1]{0},array[1][12]{{0,0,1,1,0,0,0,1,0,6.3199920654296875,0.80000156164169312,-6.8000006675720215}})
ldd_3003(array[3]{199,0,0},array[2]{0,0},array[1][12]{{0,-1,0,1,0,0,0,0,1,4.3999981880187988,2.4000024795532227,-5.9999995231628418}})
ldd_3022(array[1]{199},array[1]{0},array[1][12]{{0,-1,0,1,0,0,0,0,1,5.3599982261657715,2.4000024795532227,-6}})
ldd_3004(array[4]{199,0,0,0},array[3]{0,0,0},array[1][12]{{0,0,1,1,0,0,0,1,0,5.6799964904785156,1.6000021696090698,-6.7999992370605469}})
ldd_32028(array[1]{138},array[1]{0},array[1][12]{{0,0,-1,1,0,0,0,-1,0,6.6399955749511719,1.6000022888183594,-5.9999995231628418}})
ldd_50746(array[1]{199},array[1]{0},array[1][12]{{1,0,0,0,-1,0,0,0,-1,3.0399913787841797,1.2000018358230591,-7.5999994277954102}})
ldd_3062(array[2]{199,0},array[1]{0},array[1][12]{{0,1,0,1,0,0,0,0,-1,3.4399971961975098,1.6000019311904907,-7.5999975204467773}})
ldd_3021(array[1]{199},array[1]{0},array[1][12]{{0,0,-1,1,0,0,0,-1,0,4.3999981880187988,1.6000020503997803,-7.5999994277954102}})
ldd_60478(array[1]{199},array[1]{0},array[1][12]{{0,1,0,1,0,0,0,0,-1,4.7199978828430176,1.6000020503997803,-7.5999994277954102}})
ldd_3023(array[1]{199},array[1]{0},array[1][12]{{0,1,0,1,0,0,0,0,-1,5.0399971008300781,1.6000025272369385,-7.600001335144043}})
ldd_60478(array[1]{199},array[1]{0},array[1][12]{{0,1,0,1,0,0,0,0,-1,5.3599963188171387,1.6000019311904907,-7.5999994277954102}})
ldd_48169(array[1]{199},array[1]{0},array[1][12]{{0,0,1,1,0,0,0,1,0,3.4399971961975098,2.4000034332275391,-9.1999998092651367}})
ldd_2877(array[1]{199},array[1]{0},array[1][12]{{0,0,1,1,0,0,0,1,0,2.4799985885620117,1.6000032424926758,-9.2000007629394531}})
ldd_3004(array[4]{138,0,0,0},array[3]{0,0,0},array[1][12]{{0,1,0,1,0,0,0,0,-1,4.7199978828430176,1.6000024080276489,-8.399998664855957}})
ldd_50746(array[1]{199},array[1]{0},array[1][12]{{-1,0,0,0,-1,0,0,0,1,3.0399956703186035,1.2000007629394531,-5.1999964714050293}})
ldd_60478(array[1]{199},array[1]{0},array[1][12]{{0,1,0,1,0,0,0,0,-1,4.7199892997741699,1.600000262260437,-5.1999964714050293}})
ldd_3023(array[1]{199},array[1]{0},array[1][12]{{0,1,0,1,0,0,0,0,-1,5.0399866104125977,1.6000005006790161,-5.1999959945678711}})
ldd_60478(array[1]{199},array[1]{0},array[1][12]{{0,1,0,1,0,0,0,0,-1,5.359992504119873,1.6000007390975952,-5.1999945640563965}})
ldd_3004(array[4]{138,0,0,0},array[3]{0,0,0},array[1][12]{{0,-1,0,1,0,0,0,0,1,4.7199935913085937,2.4000000953674316,-4.3999991416931152}})
ldd_3008(array[1]{199},array[1]{0},array[1][12]{{0,0,-1,1,0,0,0,-1,0,2.4799966812133789,2.3999996185302734,-3.5999982357025146}})
ldd_4032(array[1]{199},array[1]{0},array[1][12]{{0,1,0,1,0,0,0,0,-1,2.1599979400634766,1.6000007390975952,-5.1999983787536621}})
ldd_4032(array[1]{199},array[1]{0},array[1][12]{{0,1,0,1,0,0,0,0,-1,2.1599998474121094,1.6000033617019653,-8.399998664855957}})
ldd_50746(array[1]{41},array[1]{0},array[1][12]{{0,1,0,1,0,0,0,0,-1,5.6799964904785156,1.6000019311904907,-7.5999994277954102}})
ldd_50746(array[1]{41},array[1]{0},array[1][12]{{0,-1,0,1,0,0,0,0,1,5.67999267578125,1.6000007390975952,-5.1999950408935547}})
ldd_11211(array[1]{194},array[1]{0},array[1][12]{{0,0,0.99999994039535522,0.99999994039535522,0,0,0,0.99999988079071045,0,3.4399983882904053,2.4000015258789062,-6.8000016212463379}})
ldd_3003(array[3]{199,0,0},array[2]{0,0},array[1][12]{{0.99999994039535522,0,0,0,0.99999988079071045,0,0,0,0.99999988079071045,3.9999980926513672,2.8000013828277588,-6.0000019073486328}})
ldd_30145(array[1]{199},array[1]{0},array[1][12]{{0.99999994039535522,0,0,0,0.99999988079071045,0,0,0,0.99999988079071045,3.1999979019165039,3.7600011825561523,-6.0000019073486328}})
ldd_3068(array[2]{138,0},array[1]{0},array[1][12]{{0.99999994039535522,0,0,0,0.99999988079071045,0,0,0,0.99999988079071045,3.1999979019165039,6.6400008201599121,-6.0000019073486328}})
ldd_3023(array[1]{199},array[1]{0},array[1][12]{{0,1,0,1,0,0,0,0,-1,2.1599981784820557,1.6000031232833862,-9.2000007629394531}})
ldd_2540(array[1]{199},array[1]{0},array[1][12]{{0,1,0,1,0,0,0,0,-1,1.8399986028671265,1.6000034809112549,-9.2000007629394531}})
ldd_3022(array[1]{199},array[1]{0},array[1][12]{{1.0000001192092896,0,0,0,0.99999994039535522,0,0,0,1,7.1999950408935547,6.0000019073486328,-6.0000042915344238}})
ldd_44728(array[1]{199},array[1]{0},array[1][12]{{0,0,-0.99999988079071045,0,0.99999988079071045,0,1,0,0,7.1999955177307129,5.6800022125244141,-6.0000033378601074}})
ldd_3004(array[4]{199,0,0,0},array[3]{0,0,0},array[1][12]{{0,0,0.99999988079071045,0,0.99999988079071045,0,-0.99999982118606567,0,0,7.1999931335449219,4.7200016975402832,-6.8000020980834961}})
ldd_3660(array[1]{199},array[1]{0},array[1][12]{{0,0,-0.99999988079071045,0,0.99999988079071045,0,0.9999997615814209,0,0,6.3999943733215332,3.7600018978118896,-6.0000009536743164}})
ldd_6141(array[1]{315},array[1]{0},array[1][12]{{0,-0.99999988079071045,0,1,0,0,0,0,0.9999997615814209,7.7599945068359375,4.8000020980834961,-6.8030037879943848}})
ldd_3020(array[1]{199},array[1]{0},array[1][12]{{0.99999994039535522,0,0,0,0.99999988079071045,0,0,0,0.99999988079071045,5.5999932289123535,6.3200016021728516,-6.0000038146972656}})
ldd_3003(array[3]{138,0,0},array[2]{0,0},array[1][12]{{0.99999982118606567,0,0,0,0.9999997615814209,0,0,0,0.9999997615814209,5.5999927520751953,6.6400022506713867,-6.0000033378601074}})
ldd_3068(array[2]{138,0},array[1]{0},array[1][12]{{1.0000001192092896,0,0,0,0.99999988079071045,0,0,0,1,5.5999932289123535,7.6000018119812012,-6.0000028610229492}})
ldd_11211(array[1]{194},array[1]{0},array[1][12]{{-0.99999994039535522,0,0,0,0.99999988079071045,0,0,0,-0.99999988079071045,6.3999943733215332,5.3600015640258789,-6.8000040054321289}})
ldd_95188(array[1]{138},array[1]{0},array[1][12]{{0,-0.99999982118606567,0,0,0,-0.99999988079071045,0.9999997615814209,0,0,7.2024545669555664,7.5226755142211914,-7.2000055313110352}})
ldd_4032(array[1]{199},array[1]{0},array[1][12]{{-0.99999982118606567,0,0,0,0,-0.99999988079071045,0,-0.99999988079071045,0,7.2024540901184082,6.7226753234863281,-8.1600074768066406}})
ldd_6141(array[1]{199},array[1]{0},array[1][12]{{0.99999982118606567,0,0,0,0,-0.99999988079071045,0,0.99999988079071045,0,6.4024548530578613,7.5226750373840332,-7.8400077819824219}})
ldd_3024(array[1]{138},array[1]{0},array[1][12]{{0.99999982118606567,0,0,0,0,-0.99999988079071045,0,0.99999988079071045,0,6.4024548530578613,7.5226750373840332,-7.5200085639953613}})
ldd_6141(array[1]{199},array[1]{0},array[1][12]{{0.99999982118606567,0,0,0,0,-0.99999988079071045,0,0.99999988079071045,0,6.4024543762207031,7.5226750373840332,-7.200007438659668}})
ldd_4150(array[2]{138,0},array[1]{0},array[1][12]{{0,-0.99999988079071045,0,0,0,-0.99999988079071045,0.99999982118606567,0,0,7.2024540901184082,7.5226755142211914,-8.4800081253051758}})
ldd_50746(array[1]{192},array[1]{0},array[1][12]{{0,-0.99999982118606567,0,0,0,-0.99999988079071045,0.9999997615814209,0,0,6.4024553298950195,5.922675609588623,-8.1600046157836914}})
ldd_2420(array[1]{138},array[1]{0},array[1][12]{{-0.99999970197677612,0,0,0,0,-0.9999997615814209,0,-0.99999982118606567,0,5.6024541854858398,5.922675609588623,-8.1600046157836914}})
ldd_3069(array[2]{192,0},array[1]{0},array[1][12]{{0.9999997615814209,0,0,0,0,-0.9999997615814209,0,0.99999988079071045,0,4.8022313117980957,5.9226751327514648,-8.4800043106079102}})
ldd_11211(array[1]{194},array[1]{0},array[1][12]{{-0.99999994039535522,0,0,0,0.99999988079071045,0,0,0,-0.99999988079071045,5.5999951362609863,3.7600023746490479,-6.8000044822692871}})
ldd_11211(array[1]{194},array[1]{0},array[1][12]{{0.99999994039535522,0,0,0,0.99999988079071045,0,0,0,0.99999988079071045,5.5999951362609863,5.3600015640258789,-6.0000038146972656}})
ldd_95188(array[1]{138},array[1]{0},array[1][12]{{1,0,0,0,0,0.99999988079071045,0,-0.99999988079071045,0,4.7973241806030273,5.1175413131713867,-5.6000027656555176}})
ldd_50746(array[1]{192},array[1]{0},array[1][12]{{0,0.99999988079071045,0,0,0,0.99999988079071045,1,0,0,6.3973250389099121,5.9175405502319336,-4.6400036811828613}})
ldd_4032(array[1]{199},array[1]{0},array[1][12]{{1,0,0,0,0,0.99999988079071045,0,-0.99999988079071045,0,6.3973264694213867,6.7175412178039551,-4.6400036811828613}})
ldd_4150(array[2]{138,0},array[1]{0},array[1][12]{{0,-0.99999988079071045,0,0,0,0.99999988079071045,-0.99999994039535522,0,0,6.3973264694213867,7.5175414085388184,-4.3200044631958008}})
ldd_6141(array[1]{199},array[1]{0},array[1][12]{{1,0,0,0,0,0.99999988079071045,0,-0.99999988079071045,0,6.3973283767700195,7.5175418853759766,-4.9600038528442383}})
ldd_3024(array[1]{138},array[1]{0},array[1][12]{{1,0,0,0,0,0.99999988079071045,0,-0.99999988079071045,0,6.3973283767700195,7.5175418853759766,-5.2800045013427734}})
ldd_6141(array[1]{199},array[1]{0},array[1][12]{{1,0,0,0,0,0.99999988079071045,0,-0.99999988079071045,0,6.3973283767700195,7.5175418853759766,-5.6000041961669922}})
ldd_2420(array[1]{138},array[1]{0},array[1][12]{{0,0.99999982118606567,0,0,0,0.9999997615814209,1,0,0,4.7999982833862305,5.1199994087219238,-4.6400008201599121}})
ldd_3069(array[2]{192,0},array[1]{0},array[1][12]{{1.0000001192092896,0,0,0,0,0.99999988079071045,0,-0.99999988079071045,0,4.7997736930847168,5.9200005531311035,-4.3200020790100098}})
ldd_11211(array[1]{194},array[1]{0},array[1][12]{{1,0,0,0,0.99999988079071045,0,0,0,0.99999988079071045,4.7999982833862305,3.7600016593933105,-6.000002384185791}})
ldd_3002(array[1]{199},array[1]{0},array[1][12]{{1,0,0,0,0.99999994039535522,0,0,0,0.99999988079071045,7.1999931335449219,6.6400012969970703,-6.0000038146972656}})
union { 
ldd_3680(array[1]{26},array[1]{0},array[1][12]{{1,0,0,0,0.99999994039535522,0,0,0,0.99999988079071045,7.999992847442627,7.600001335144043,-6.0000038146972656}})
ldd_3679(array[1]{194},array[1]{0},array[1][12]{{0.95105659961700439,0,0.30901649594306946,0,1,0,-0.30901649594306946,0,0.95105659961700439,7.8959636688232422,7.9200005531311035,-6.1431865692138672}})
}
ldd_98138(array[2]{315,0},array[1]{0},array[1][12]{{0,-1,0,1,0,0,0,0,1,7.7599949836730957,4.8000025749206543,-6.0030035972595215}})
ldd_87620(array[1]{199},array[1]{0},array[1][12]{{0,1,0,0,0,1,1,0,0,4.7999944686889648,5.9200010299682617,-5.6000022888183594}})
ldd_87087(array[1]{199},array[1]{0},array[1][12]{{1,0,0,0,1,0,0,0,1,4.7999944686889648,5.3600010871887207,-6.0000019073486328}})
ldd_2432(array[1]{199},array[1]{0},array[1][12]{{0,0,1,0,1,0,-1,0,0,4.7999958992004395,6.3200011253356934,-6.8000020980834961}})
ldd_87087(array[1]{199},array[1]{0},array[1][12]{{-1,0,0,0,1,0,0,0,-1,4.7999920845031738,5.3600020408630371,-6.8000049591064453}})
ldd_87620(array[1]{199},array[1]{0},array[1][12]{{-1,0,0,0,0,-1,0,-1,0,5.5999932289123535,6.7200021743774414,-7.200005054473877}})
ldd_87087(array[1]{199},array[1]{0},array[1][12]{{0,0,1,1,0,0,0,1,0,3.4399981498718262,2.4000022411346436,-7.5999994277954102}})
ldd_3069(array[2]{199,0},array[1]{0},array[1][12]{{1,0,0,0,1,0,0,0,1,3.999774694442749,2.8000020980834961,-7.5999994277954102}})
ldd_87087(array[1]{199},array[1]{0},array[1][12]{{0,0,1,1,0,0,0,1,0,3.4399895668029785,2.3999996185302734,-5.1999945640563965}})
ldd_3069(array[2]{199,0},array[1]{0},array[1][12]{{0,0,1,0,1,0,-1,0,0,3.9999895095825195,2.7999992370605469,-5.2002172470092773}})
ldd_12825(array[1]{199},array[1]{0},array[1][12]{{0,-1,0,1,0,0,0,0,1,5.679997444152832,1.6000025272369385,-8.399998664855957}})
ldd_3794(array[1]{199},array[1]{0},array[1][12]{{1,0,0,0,1,0,0,0,1,3.6199989318847656,0.88000386953353882,-8.8000011444091797}})
ldd_3069(array[2]{138,0},array[1]{0},array[1][12]{{0,-1,0,1,0,0,0,0,1,6.9599952697753906,2.4002251625061035,-6.7999997138977051}})
ldd_3023(array[1]{138},array[1]{0},array[1][12]{{0,0,-1,1,0,0,0,-1,0,6.6399955749511719,2.4000022411346436,-5.9999995231628418}})
ldd_6091(array[1]{199},array[1]{0},array[1][12]{{0,1,0,1,0,0,0,0,-1,6.3199958801269531,2.4000022411346436,-6}})
ldd_48336(array[1]{194},array[1]{0},array[1][12]{{0,0,1,1,0,0,0,1,0,5.9999961853027344,2.4000022411346436,-6.7999992370605469}})
ldd_6091(array[1]{199},array[1]{0},array[1][12]{{0,-1,0,1,0,0,0,0,1,6.3199958801269531,2.4000022411346436,-6.7999992370605469}})
ldd_3069(array[2]{138,0},array[1]{0},array[1][12]{{0,-1,0,1,0,0,0,0,1,6.9599952697753906,2.4002254009246826,-5.9999995231628418}})
ldd_47455(array[1]{199},array[1]{0},array[1][12]{{-1,0,0,0,1,0,0,0,-1,4.019996166229248,1.9999996423721313,-3.1999940872192383}})
ldd_6141(array[1]{199},array[1]{0},array[1][12]{{0.86772459745407104,0,-0.49704524874687195,0,1,0,0.49704524874687195,0,0.86772459745407104,4.2696828842163086,1.100311279296875,-0.36008536815643311}})
ldd_48170(array[1]{199},array[1]{0},array[1][12]{{0.49704524874687195,0,0.86772459745407104,0,1,0,-0.86772447824478149,0,0.49704518914222717,4.2696819305419922,1.420311450958252,-0.36008599400520325}})
ldd_2412(array[1]{199},array[1]{0},array[1][12]{{0.86772459745407104,0,-0.49704524874687195,0,1,0,0.49704524874687195,0,0.86772459745407104,4.2696843147277832,2.3803114891052246,-0.36008498072624207}})
ldd_3021(array[1]{199},array[1]{0},array[1][12]{{-0.49704524874687195,0,-0.86772459745407104,0,1,0,0.86772459745407104,0,-0.49704524874687195,6.1567726135253906,1.1003121137619019,1.3248188495635986}})
ldd_4032(array[1]{199},array[1]{0},array[1][12]{{-0.49704524874687195,0,-0.86772459745407104,0,1,0,0.86772459745407104,0,-0.49704524874687195,5.7591361999511719,0.78031128644943237,0.63063788414001465}})
ldd_2654(array[1]{199},array[1]{0},array[1][12]{{-0.49704524874687195,0,-0.86772459745407104,0,1,0,0.86772459745407104,0,-0.49704524874687195,5.7591361999511719,0.78031224012374878,0.63063788414001465}})
ldd_6141(array[1]{199},array[1]{0},array[1][12]{{0.86772459745407104,0,-0.49704524874687195,0,1,0,0.49704524874687195,0,0.86772459745407104,4.9638638496398926,1.1003121137619019,-0.75772207975387573}})
ldd_3004(array[4]{199,0,0,0},array[3]{0,0,0},array[1][12]{{0.86772453784942627,0,-0.49704518914222717,0,1,0,0.49704518914222717,0,0.86772453784942627,5.0649571418762207,1.4203119277954102,1.0282758474349976}})
ldd_44567(array[1]{199},array[1]{0},array[1][12]{{0.86772459745407104,0,-0.49704521894454956,0,1,0,0.4970451295375824,0,0.86772453784942627,5.4625940322875977,1.4203124046325684,1.7224572896957397}})
ldd_60471(array[1]{194},array[1]{0},array[1][12]{{0.86772465705871582,0,-0.49704518914222717,0.38075873255729675,-0.64278751611709595,0.66471576690673828,-0.31949448585510254,-0.76604455709457397,-0.55776256322860718,6.0213980674743652,2.4405598640441895,2.6979978084564209}})
ldd_3023(array[1]{199},array[1]{0},array[1][12]{{-0.86772465705871582,0,0.49704518914222717,0.38075873255729675,-0.64278751611709595,0.66471576690673828,0.3194945752620697,0.76604455709457397,0.55776244401931763,6.8374209403991699,2.2348675727844238,2.5130696296691895}})
ldd_3004(array[4]{138,0,0,0},array[3]{0,0,0},array[1][12]{{-0.86772459745407104,0,0.49704518914222717,0.38075873255729675,-0.64278751611709595,0.66471576690673828,0.31949454545974731,0.76604455709457397,0.55776244401931763,6.9592642784118652,2.0291762351989746,2.7257769107818604}})
ldd_3004(array[4]{138,0,0,0},array[3]{0,0,0},array[1][12]{{-0.86772465705871582,0,0.49704518914222717,0.38075873255729675,-0.64278751611709595,0.66471576690673828,0.31949454545974731,0.76604455709457397,0.55776244401931763,7.3247928619384766,1.4120998382568359,3.3639042377471924}})
ldd_3004(array[4]{138,0,0,0},array[3]{0,0,0},array[1][12]{{-0.86772465705871582,0,0.49704518914222717,0.38075873255729675,-0.64278751611709595,0.66471576690673828,0.31949454545974731,0.76604455709457397,0.55776244401931763,7.6903219223022461,0.79502367973327637,4.0020327568054199}})
ldd_3937(array[1]{199},array[1]{0},array[1][12]{{0.86772465705871582,0,-0.49704518914222717,0.38075873255729675,-0.64278751611709595,0.66471576690673828,-0.31949466466903687,-0.76604455709457397,-0.55776244401931763,7.3616690635681152,0.17794765532016754,5.0377955436706543}})
ldd_3004(array[4]{199,0,0,0},array[3]{0,0,0},array[1][12]{{0.86772459745407104,0,-0.49704530835151672,0.30203795433044434,-0.79419195652008057,0.52728760242462158,-0.39474943280220032,-0.60766696929931641,-0.68913984298706055,6.8708038330078125,-0.96367025375366211,4.1808681488037109}})
ldd_3022(array[1]{199},array[1]{0},array[1][12]{{-0.39474931359291077,-0.60766690969467163,-0.68913978338241577,0.30203798413276672,-0.79419195652008057,0.52728760242462158,-0.86772459745407104,0,0.49704530835151672,7.4765596389770508,-1.2399611473083496,5.2383766174316406}})
ldd_3023(array[1]{199},array[1]{0},array[1][12]{{0.86772459745407104,0,-0.49704530835151672,0.30203798413276672,-0.79419195652008057,0.52728760242462158,-0.39474931359291077,-0.60766690969467163,-0.68913978338241577,7.5732111930847168,-1.4941039085388184,5.4071063995361328}})
ldd_3062(array[2]{199,0},array[1]{0},array[1][12]{{0.39474931359291077,0.60766690969467163,0.68913978338241577,0.30203801393508911,-0.79419189691543579,0.52728766202926636,0.86772459745407104,0,-0.49704530835151672,7.253143310546875,-1.9654059410095215,4.8483409881591797}})
ldd_3938(array[1]{194},array[1]{0},array[1][12]{{-0.86772459745407104,0,0.49704530835151672,0.30203798413276672,-0.79419189691543579,0.52728766202926636,0.39474940299987793,0.60766696929931641,0.689139723777771,8.2690706253051758,-0.18201170861721039,5.0124034881591797}})
ldd_3004(array[4]{199,0,0,0},array[3]{0,0,0},array[1][12]{{-0.86772459745407104,0,0.4970453679561615,0.30203795433044434,-0.79419195652008057,0.52728748321533203,0.39474940299987793,0.60766690969467163,0.68913978338241577,8.3898897171020508,-0.49968588352203369,5.2233195304870605}})
ldd_3022(array[1]{1},array[1]{0},array[1][12]{{-0.39474937319755554,-0.60766690969467163,-0.68913978338241577,0.30203798413276672,-0.79419195652008057,0.52728760242462158,-0.86772459745407104,0,0.49704527854919434,7.9856629371643066,-1.2621121406555176,6.1271510124206543}})
ldd_3062(array[2]{199,0},array[1]{0},array[1][12]{{0.39474934339523315,0.60766702890396118,0.689139723777771,0.30203795433044434,-0.79419195652008057,0.52728760242462158,0.86772459745407104,0,-0.49704530835151672,7.9473209381103516,-1.9654049873352051,4.4507045745849609}})
ldd_3678(array[3]{199,0,0},array[2]{0,0},array[1][12]{{-0.86772459745407104,0,0.49704530835151672,0.30203801393508911,-0.79419183731079102,0.52728772163391113,0.39474937319755554,0.60766702890396118,0.68913984298706055,8.4606952667236328,-2.0023865699768066,5.3469352722167969}})
ldd_4085(array[1]{199},array[1]{0},array[1][12]{{0.86772459745407104,0,-0.49704530835151672,0.30203795433044434,-0.79419177770614624,0.52728766202926636,-0.39474940299987793,-0.60766702890396118,-0.68913984298706055,8.3464279174804687,-3.5272374153137207,6.7569613456726074}})
ldd_4085(array[1]{199},array[1]{0},array[1][12]{{0.86772459745407104,0,-0.49704530835151672,0.30203798413276672,-0.79419195652008057,0.52728760242462158,-0.39474931359291077,-0.60766690969467163,-0.68913978338241577,9.0406074523925781,-3.5272374153137207,6.3593249320983887}})
ldd_85984(array[1]{199},array[1]{0},array[1][12]{{0.39474931359291077,0.60766690969467163,0.68913978338241577,0.30203798413276672,-0.79419195652008057,0.52728760242462158,0.86772459745407104,0,-0.49704530835151672,9.1372594833374023,-3.7813804149627686,6.5280585289001465}})
ldd_30374(array[1]{194},array[1]{0},array[1][12]{{0.39474934339523315,0.60766708850860596,0.68913978338241577,0.86772465705871582,0,-0.49704518914222717,-0.30203789472579956,0.79419183731079102,-0.52728778123855591,7.3549270629882813,-2.2330513000488281,5.0260372161865234}})
